StructureDescription {
  structs = [
    Struktur
            { universum = mkSet
                              [ 1, 2, 3, 4]
            , predicates = listToFM    [ ]
            , functions = listToFM
                              [ ( f
                                , {(1 , 1 , 1) , (1 , 2 , 3) ,
                                  (1 , 3 , 4) , (1 , 4 , 3) , (2 ,
                                  1 , 3) , (2 , 2 , 1) , (2 , 3 ,
                                  4) , (2 , 4 , 4) , (3 , 1 , 3) ,
                                  (3 , 2 , 1) , (3 , 3 , 2) , (3 ,
                                  4 , 4) , (4 , 1 , 2) , (4 , 2 ,
                                  1) , (4 , 3 , 4) , (4 , 4 , 4)}
                                )
                              , ( g
                                , {(1 , 4) , (2 , 2) , (3 , 3) ,
                                  (4 , 4)}
                                )
                              , ( c, {(2)})
                              ] 
            },
    Struktur
            { universum = mkSet
                              [ 1, 2, 3, 4]
            , predicates = listToFM    [ ]
            , functions = listToFM
                              [ ( f
                                , {(1 , 1 , 1) , (1 , 2 , 3) ,
                                  (1 , 3 , 4) , (1 , 4 , 3) , (2 ,
                                  1 , 3) , (2 , 2 , 1) , (2 , 3 ,
                                  4) , (2 , 4 , 4) , (3 , 1 , 3) ,
                                  (3 , 2 , 1) , (3 , 3 , 2) , (3 ,
                                  4 , 4) , (4 , 1 , 2) , (4 , 2 ,
                                  1) , (4 , 3 , 3) , (4 , 4 , 4)}
                                )
                              , ( g
                                , {(1 , 4) , (2 , 2) , (3 , 3) ,
                                  (4 , 4)}
                                )
                              , ( c, {(2)})
                              ] 
            }
  ]
}